$ 1 0.000005 382.76258214399064 50 5 43 5e-11
t 176 144 224 144 0 -1 6.0296837637853375 -0.22556073196358994 100 default
t 464 144 416 144 0 -1 -0.6103092017959479 -0.7497570589876936 100 default
t 176 336 224 336 0 1 0.6049574691927375 0.7497129734438107 100 default
t 464 336 416 336 0 1 -6.034969398214949 0.22558274459330543 100 default
R 320 64 320 16 0 0 40 6.4 0 0 0.5
g 320 416 320 464 0 0
r 48 144 112 144 0 1000
r 48 336 112 336 0 480
w 112 144 176 144 1
w 112 336 176 336 1
w 464 144 512 144 1
w 464 336 512 336 1
r 512 144 576 144 0 1000
r 512 336 576 336 0 500
w 320 64 256 64 0
w 320 64 384 64 0
w 416 64 416 128 1
w 224 64 224 128 1
w 224 160 224 224 0
w 416 160 416 224 0
w 224 352 224 416 1
w 224 416 256 416 0
w 384 416 416 416 0
w 416 352 416 416 1
R 640 112 704 112 0 0 40 3.3 0 0 0.5
s 576 112 640 112 0 1 false
w 576 112 576 144 0
w 576 144 576 176 0
s 576 176 640 176 0 0 false
g 640 176 688 176 0 0
g 640 368 688 368 0 0
s 576 368 640 368 0 1 false
w 576 336 576 368 0
w 576 304 576 336 0
s 576 304 640 304 0 1 false
R 640 304 704 304 0 0 40 3.3 0 0 0.5
g -16 176 -64 176 0 0
s -16 176 48 176 0 1 false
w 48 144 48 176 0
w 48 112 48 144 0
s -16 112 48 112 0 1 false
R -16 112 -80 112 0 0 40 3.3 0 0 0.5
R -16 304 -80 304 0 0 40 3.3 0 0 0.5
s -16 304 48 304 0 0 false
w 48 304 48 336 0
w 48 336 48 368 0
s -16 368 48 368 0 1 false
g -16 368 -64 368 0 0
w 224 224 224 320 0
w 416 224 416 320 0
w 256 192 304 192 1
415 336 192 384 192 0 0.5 1 0.15 0.15 0.02 0.05 1 0
r 304 192 336 192 0 20
r 304 256 336 256 0 60
415 336 256 384 256 0 0.5 1 0.15 0.15 0.02 0.05 1 0
w 256 256 304 256 1
w 256 192 256 224 0
w 384 192 384 224 0
d 256 192 256 64 2 default
d 384 192 384 64 2 default
d 256 416 256 256 2 default
d 384 416 384 256 2 default
w 256 416 320 416 0
w 320 416 384 416 0
w 224 64 256 64 0
w 384 64 416 64 0
w 224 224 256 224 0
w 384 224 416 224 0
w 256 224 256 256 0
w 384 224 384 256 0
